10.1
10.9
11.3
12.4
12.8
14.0
14.7
15.5
16.4
17.5
18.2
18.7
19.6
20.1
21.0
21.9
22.6
23.6
24.6
25.1
25.8
27.0
27.6
28.6
29.4
30.3
30.9
31.5
32.1
32.8
34.5
34.6
35.6
36.2
37.2
38.1
38.6
39.7
40.4
41.0
41.9
42.9
43.9
44.2
45.2
45.7
46.8
47.7
48.2
49.0
50.0
50.8
51.6
52.5
53.3
53.9
54.5
55.9
56.6
57.4
57.9
58.7
59.7
60.5
60.8
62.2
62.8
63.5
64.3
65.4
65.5
66.4
67.4
68.7
69.4
70.0
70.5
71.4
72.8
73.2
73.9
74.8
75.7
76.3
77.3
78.0
78.8
79.9
80.5
81.0
81.9
82.5
83.8
84.9
85.1
85.9
86.8
87.5
88.4
89.3

15.1
15.8
16.1
17.1
17.4
18.5
19.1
19.8
20.6
21.6
22.2
22.6
23.4
23.8
24.6
25.4
26.0
26.9
27.8
28.2
28.8
29.9
30.4
31.3
32.0
32.8
33.3
33.8
34.3
34.9
36.5
36.5
37.4
37.9
38.8
39.6
40.0
41.0
41.6
42.1
42.9
43.8
44.7
44.9
45.8
46.2
47.2
48.0
48.4
49.1
50.0
50.7
51.4
52.2
52.9
53.4
53.9
55.2
55.8
56.5
56.9
57.6
58.5
59.2
59.4
60.7
61.2
61.8
62.5
63.5
63.5
64.3
65.2
66.4
67.0
67.5
67.9
68.7
70.0
70.3
70.9
71.7
72.5
73.0
73.9
74.5
75.2
76.2
76.7
77.1
77.9
78.4
79.6
80.6
80.7
81.4
82.2
82.8
83.6
84.4

17.1
17.7
17.9
18.8
19.0
20.0
20.5
21.1
21.8
22.7
23.2
23.5
24.2
24.5
25.2
25.9
26.4
27.2
28.0
28.3
28.8
29.8
30.2
31.0
31.6
32.3
32.7
33.1
33.5
34.0
35.5
35.4
36.2
36.6
37.4
38.1
38.4
39.3
39.8
40.2
40.9
41.7
42.5
42.6
43.4
43.7
44.6
45.3
45.6
46.2
47.0
47.6
48.2
48.9
49.5
49.9
50.3
51.5
52.0
52.6
52.9
53.5
54.3
54.9
55.0
56.2
56.6
57.1
57.7
58.6
58.5
59.2
60.0
61.1
61.6
62.0
62.3
63.0
64.2
64.4
64.9
65.6
66.3
66.7
67.5
68.0
68.6
69.5
69.9
70.2
70.9
71.3
72.4
73.3
73.3
73.9
74.6
75.1
75.8
76.5

12.1
12.6
12.6
13.3
13.4
14.2
14.6
15.0
15.6
16.4
16.7
16.9
17.4
17.6
18.1
18.7
19.0
19.7
20.3
20.5
20.8
21.7
21.9
22.5
23.0
23.5
23.8
24.1
24.3
24.6
26.0
25.7
26.4
26.7
27.3
27.8
28.0
28.7
29.1
29.4
29.9
30.6
31.2
31.2
31.8
32.0
32.7
33.3
33.4
33.8
34.5
34.9
35.4
35.9
36.4
36.7
36.9
38.0
38.3
38.7
38.9
39.4
40.0
40.5
40.4
41.5
41.7
42.1
42.5
43.2
43.0
43.5
44.2
45.2
45.5
45.8
45.9
46.4
47.5
47.5
47.9
48.5
49.0
49.2
49.9
50.3
50.7
51.4
51.7
51.8
52.4
52.7
53.6
54.4
54.2
54.7
55.2
55.6
56.1
56.7

21.1
21.7
21.9
22.7
22.9
23.9
24.3
24.9
25.6
26.6
27.0
27.3
28.0
28.3
28.9
29.6
30.1
30.9
31.7
31.9
32.4
33.4
33.7
34.5
35.1
35.8
36.2
36.6
37.0
37.4
38.9
38.8
39.5
40.0
40.7
41.4
41.7
42.5
43.0
43.4
44.1
44.9
45.7
45.8
46.5
46.8
47.7
48.4
48.7
49.2
50.0
50.5
51.2
51.8
52.4
52.8
53.2
54.4
54.8
55.4
55.7
56.3
57.0
57.6
57.7
58.9
59.3
59.8
60.3
61.2
61.1
61.8
62.6
63.7
64.1
64.5
64.8
65.4
66.7
66.8
67.3
68.0
68.7
69.0
69.8
70.3
70.8
71.7
72.1
72.4
73.1
73.5
74.5
75.4
75.4
76.0
76.7
77.2
77.9
78.5
