99.9
103.4
102.8
106.1
109.4
108.6
111.0
113.8
116.1
117.7
120.2
122.3
125.2
126.0
126.2
129.2
132.3
133.3
136.3
138.0
141.3
142.3
143.8
145.1
145.8
150.0
152.8
151.8
157.0
157.8
159.5
161.3
163.1
166.7
167.4
168.6
171.7
173.2
175.2
179.2
180.0
181.5
184.1
185.2
188.3
189.6
190.8
195.1
195.8
198.2
199.0
203.9
204.4
206.1
206.8
208.4
212.3
212.3
215.4
217.7
221.6
221.7
222.6
224.5
227.9
229.7
229.9
233.6
236.0
237.3
240.2
241.3
243.9
245.3
245.9
249.6
250.9
256.1
255.1
257.5
259.8
262.5
264.4
265.1
267.1
267.9
270.5
274.4
276.4
278.9
280.8
281.4
282.3
284.7
287.6
289.7
291.1
291.8
294.8
299.0

99.9
102.9
101.8
104.6
107.4
106.1
108.0
110.3
112.1
113.2
115.2
116.8
119.2
119.5
119.2
121.7
124.3
124.8
127.3
128.5
131.3
131.8
132.8
133.6
133.8
137.5
139.8
138.3
143.0
143.3
144.5
145.8
147.1
150.2
150.4
151.1
153.7
154.7
156.2
159.7
160.0
161.0
163.1
163.7
166.3
167.1
167.8
171.6
171.8
173.7
174.0
178.4
178.4
179.6
179.8
180.9
184.3
183.8
186.4
188.2
191.6
191.2
191.6
193.0
195.9
197.2
196.9
200.1
202.0
202.8
205.2
205.8
207.9
208.8
208.9
212.1
212.9
217.6
216.1
218.0
219.8
222.0
223.4
223.6
225.1
225.4
227.5
230.9
232.4
234.4
235.8
235.9
236.3
238.2
240.6
242.2
243.1
243.3
245.8
249.5

99.9
103.9
103.8
107.6
111.4
111.1
114.0
117.3
120.1
122.2
125.2
127.8
131.2
132.5
133.2
136.7
140.3
141.8
145.3
147.5
151.3
152.8
154.8
156.6
157.8
162.5
165.8
165.3
171.0
172.3
174.5
176.8
179.1
183.2
184.4
186.1
189.7
191.7
194.2
198.7
200.0
202.0
205.1
206.7
210.3
212.1
213.8
218.6
219.8
222.7
224.0
229.4
230.4
232.6
233.8
235.9
240.3
240.8
244.4
247.2
251.6
252.2
253.6
256.0
259.9
262.2
262.9
267.1
270.0
271.8
275.2
276.8
279.9
281.8
282.9
287.1
288.9
294.6
294.1
297.0
299.8
303.0
305.4
306.6
309.1
310.4
313.5
317.9
320.4
323.4
325.8
326.9
328.3
331.2
334.6
337.2
339.1
340.3
343.8
348.5

97.2
100.3
101.2
107.6
111.1
109.0
116.3
120.9
123.0
127.9
127.8
129.6
132.7
140.5
141.9
146.7
147.4
148.5
154.1
158.3
157.6
165.1
169.1
171.5
170.6
173.2
179.4
182.8
185.3
188.1
191.5
191.0
195.4
198.5
202.4
203.8
208.7
207.3
212.0
217.7
221.9
222.5
229.8
227.3
230.5
238.0
239.3
240.9
242.2
244.4
249.4
251.4
254.5
260.4
264.4
263.6
263.3
270.3
271.2
274.6
280.8
279.4
283.8
289.0
294.8
294.8
296.8
301.4
303.7
309.7
309.3
308.9
315.6
320.6
323.2
325.5
331.7
330.3
336.7
334.5
340.2
344.0
347.4
346.2
352.1
355.1
359.7
361.2
366.9
363.5
370.1
371.0
378.1
378.0
380.2
384.8
385.5
389.8
397.6
395.9

87.2
91.8
94.2
102.1
107.1
106.5
115.3
121.4
125.0
131.4
132.8
136.1
140.7
150.0
152.9
159.2
161.4
164.0
171.1
176.8
177.6
186.6
192.1
196.0
196.6
200.7
208.4
213.3
217.3
221.6
226.5
227.5
233.4
238.0
243.4
246.3
252.7
252.8
259.0
266.2
271.9
274.0
282.8
281.8
286.5
295.5
298.3
301.4
304.2
307.9
314.4
317.9
322.5
329.9
335.4
336.1
337.3
345.8
348.2
353.1
360.8
360.9
366.8
373.5
380.8
382.3
385.8
391.9
395.7
403.2
404.3
405.4
413.6
420.1
424.2
428.0
435.7
435.8
443.7
443.0
450.2
455.5
460.4
460.7
468.1
472.6
478.7
481.7
488.9
487.0
495.1
497.5
506.1
507.5
511.2
517.3
519.5
525.3
534.6
534.4
