-20.0
-19.4
-18.6
-17.7
-17.2
-16.6
-15.9
-15.1
-14.4
-13.7
-12.8
-12.2
-11.8
-11.0
-10.1
-9.5
-8.7
-8.1
-7.3
-6.8
-6.0
-5.2
-4.5
-4.0
-3.1
-2.5
-1.6
-1.1
-0.4
0.2
0.9
1.8
2.3
3.2
3.8
4.5
5.2
5.8
6.5
7.2
8.1
8.7
9.3
10.0
10.7
11.6
12.2
12.7
13.7
14.2
14.8
15.7
16.4
17.1
17.7
18.5
19.1
19.8
20.6
21.2
22.1
22.8
23.5
23.9
24.9
25.5
26.2
26.9
27.5
28.4
28.9
29.6
30.5
31.1
31.8
32.5
33.3
33.9
34.7
35.2
36.3
36.6
37.4
38.0
38.6
39.7
40.3
40.8
41.6
42.3
43.2
43.6
44.4
45.1
45.9
46.5
47.2
48.1
48.7
49.4

-20.0
-19.5
-18.8
-18.0
-17.6
-17.1
-16.5
-15.8
-15.2
-14.6
-13.8
-13.3
-13.0
-12.3
-11.5
-11.0
-10.3
-9.8
-9.1
-8.7
-8.0
-7.3
-6.7
-6.3
-5.5
-5.0
-4.2
-3.8
-3.2
-2.7
-2.1
-1.3
-0.9
-0.1
0.4
1.0
1.6
2.1
2.7
3.3
4.1
4.6
5.1
5.7
6.3
7.1
7.6
8.0
8.9
9.3
9.8
10.6
11.2
11.8
12.3
13.0
13.5
14.1
14.8
15.3
16.1
16.7
17.3
17.6
18.5
19.0
19.6
20.2
20.7
21.5
21.9
22.5
23.3
23.8
24.4
25.0
25.7
26.2
26.9
27.3
28.3
28.5
29.2
29.7
30.2
31.2
31.7
32.1
32.8
33.4
34.2
34.5
35.2
35.8
36.5
37.0
37.6
38.4
38.9
39.5

-10.0
-9.5
-8.8
-8.0
-7.6
-7.1
-6.5
-5.8
-5.2
-4.6
-3.8
-3.3
-3.0
-2.3
-1.5
-1.0
-0.3
0.2
0.9
1.3
2.0
2.7
3.3
3.7
4.5
5.0
5.8
6.2
6.8
7.3
7.9
8.7
9.1
9.9
10.4
11.0
11.6
12.1
12.7
13.3
14.1
14.6
15.1
15.7
16.3
17.1
17.6
18.0
18.9
19.3
19.8
20.6
21.2
21.8
22.3
23.0
23.5
24.1
24.8
25.3
26.1
26.7
27.3
27.6
28.5
29.0
29.6
30.2
30.7
31.5
31.9
32.5
33.3
33.8
34.4
35.0
35.7
36.2
36.9
37.3
38.3
38.5
39.2
39.7
40.2
41.2
41.7
42.1
42.8
43.4
44.2
44.5
45.2
45.8
46.5
47.0
47.6
48.4
48.9
49.5

-15.0
-14.4
-13.7
-12.9
-12.4
-11.8
-11.2
-10.4
-9.8
-9.1
-8.3
-7.8
-7.4
-6.6
-5.8
-5.3
-4.5
-3.9
-3.2
-2.8
-2.0
-1.2
-0.6
-0.1
0.7
1.2
2.1
2.6
3.2
3.8
4.4
5.3
5.7
6.5
7.1
7.8
8.4
9.0
9.6
10.3
11.1
11.6
12.2
12.9
13.5
14.4
14.9
15.3
16.3
16.7
17.3
18.2
18.8
19.5
20.0
20.7
21.3
21.9
22.7
23.3
24.1
24.7
25.4
25.8
26.7
27.3
27.9
28.5
29.1
29.9
30.4
31.0
31.9
32.4
33.1
33.8
34.5
35.0
35.8
36.2
37.3
37.5
38.3
38.9
39.4
40.4
41.0
41.5
42.2
42.9
43.7
44.0
44.8
45.4
46.2
46.7
47.4
48.2
48.8
49.4

-15.0
-14.5
-13.9
-13.2
-12.8
-12.3
-11.8
-11.1
-10.6
-10.0
-9.3
-8.9
-8.6
-7.9
-7.2
-6.8
-6.1
-5.6
-5.0
-4.7
-4.0
-3.3
-2.8
-2.4
-1.7
-1.3
-0.5
-0.1
0.4
0.9
1.4
2.2
2.5
3.2
3.7
4.3
4.8
5.3
5.8
6.4
7.1
7.5
8.0
8.6
9.1
9.9
10.3
10.6
11.5
11.8
12.3
13.1
13.6
14.2
14.6
15.2
15.7
16.2
16.9
17.4
18.1
18.6
19.2
19.5
20.3
20.8
21.3
21.8
22.3
23.0
23.4
23.9
24.7
25.1
25.7
26.3
26.9
27.3
28.0
28.3
29.3
29.4
30.1
30.6
31.0
31.9
32.4
32.8
33.4
34.0
34.7
34.9
35.6
36.1
36.8
37.2
37.8
38.5
39.0
39.5
